982744
160037
62078
990617
34330
219670
296279
827126
358314
501804
397864
575902
350033
602453
496948
848649
321711
394500
715846
114433
942986
665914
326173
825816
192918
589940
969934
294978
246378
2334
273274
805150
891153
505217
990619
491356
98150
79049
282120
849797
495876
383637
810749
708527
651537
864488
552206
66344
557175
19627
937922
411741
986342
994520
176112
476991
376441
873132
43814
669010
882451
978039
549959
759668
114577
437963
96841
939614
147545
679507
233615
239955
661864
345494
919051
875327
895509
186739
965276
906113
636849
604833
725646
338661
857201
400179
491696
263576
45357
340898
306486
847604
103665
68078
185562
115444
417313
373103
967818
159280
170535
798411
622733
684377
192602
981852
646596
638168
875328
508571
706996
192576
916336
650751
768475
159322
748225
307626
119
513968
514414
557309
458687
148381
668465
343016
207743
495406
330838
501284
988517
164029
877160
471930
560353
950926
209787
777185
472774
208495
343425
880610
660069
711893
606370
13415
267163
338798
176225
24813
835147
538922
351228
332354
343215
538243
499418
584941
726265
698628
635157
159177
457070
514385
428327
548686
361129
331994
568270
943943
503968
78298
925382
736869
143364
427774
444902
407467
471187
137499
867349
949559
470446
941237
271245
375563
124529
649260
182422
819442
624916
987427
946475
134465
211739
775304
277644
10901
651312
442329
989499
998002
524056
215525
143794
40350
423117
868003
37586
757745
51911
810368
652733
841404
438721
536496
550312
125795
311386
207663
508676
682046
7791
139482
276912
80808
21717
799523
291781
723719
619800
956410
629198
623857
476582
286339
571520
515521
917081
210669
762937
903649
257695
518833
644150
95863
695475
402209
749523
867983
468103
449319
33262
705728
255711
621633
605037
120245
6399
403978
129297
830444
949235
392711
559477
584663
44070
181447
958243
740937
443271
16453
352808
621206
650253
901715
299287
671164
172307
28935
997521
774779
80318
358591
924236
509290
337272
208695
428841
253691
898741
435277
755453
834900
111335
28559
935318
71125
7892
315352
588542
889145
365555
611015
467855
686781
221278
351271
585043
544464
763892
577164
61245
338111
981253
245846
158163
172854
702918
609234
504704
627583
77388
956928
749375
625296
638158
918105
402002
692004
294697
21023
692982
858771
664140
72807
499511
268881
878990
53987
256189
533948
461755
347676
524518
811075
255876
152569
88571
784518
908837
405744
983603
605707
861353
739122
556452
651774
204494
910525
129298
264436
927126
730889
413779
952430
345134
36183
606014
195769
65170
298396
420078
225945
351727
838873
455374
293776
140299
33573
786226
136252
384477
40168
166805
147716
462612
850510
166293
626208
507241
125510
599743
860326
482365
418261
300745
828684
741105
794214
95613
899693
855
691384
247179
266
322400
548423
673927
300626
406425
688544
41944
586670
161838
995492
565914
654770
210473
751939
382428
765792
242583
669779
728521
556572
234269
434210
965977
329017
326238
211316
126796
383392
841286
262885
544078
254565
141685
615420
2774
277900
958443
20187
470798
520614
614561
303327
927644
387554
676758
652883
133254
95683
912087
10452
638937
772452
543806
916141
669156
387018
942594
358464
528163
552001
194156
557439
122104
616860
96870
273002
133209
961407
156574
759855
763075
634421
708588
210436
839012
335737
457982
156951
362191
919602
715633
841621
621459
276761
362274
541060
888343
15573
563092
767012
627806
893904
599975
820347
699650
544537
154124
204562
424590
659953
679036
428597
331421
587968
393043
131720
848728
499600
736933
454655
34567
81011
479682
652183
354033
388811
930491
461001
897901
607622
225393
56924
137806
229383
875409
100694
612214
255889
618372
397351
703413
533952
269601
148260
185522
918446
925425
76759
753408
439854
120625
675424
747824
834433
992507
889920
829962
730821
291214
463855
707319
642909
318338
696257
405378
570332
102122
893651
516056
561117
584865
930028
923223
914008
325354
271941
803958
511850
373186
180902
584712
947994
27460
396979
866782
161109
698065
157839
547080
280861
499325
672041
26261
732669
714414
762359
321724
916518
310419
530040
219555
626323
123172
537221
412210
139581
252743