711893
873132
345134
375563
277644
838873
794214
961407
563092
753408
906113
439854
325354
468103
910525
170535
181447
552001
930028
376441
638168
365555
625296
538922
585043
730821
536496
571520
605037
763892
577164
95613
234269
708588
210436
148260
315352
129298
994520
652733
695475
986342
967818
143794
208695
714414
100694
338661
114577
68078
706996
775304
10901
413779
40168
225393
715846
338798
650253
299287
96870
612214
219670
394500
294978
273274
891153
557175
508571
330838
501284
988517
472774
660069
267163
867349
37586
257695
867983
403978
467855
61245
702918
88571
908837
405744
651774
264436
36183
266
765792
326238
676758
942594
358464
759855
331421
461001
875409
269601
707319
947994
626323
437963
946475
471930
159177
449319
675424
992507
43814
549959
51911
927126
604833
916336
211739
476582
949235
671164
245846
638158
698065
982744
239955
919602
699650
166805
557309
847604
358591
978039
935318
195769
273002
457982
857201
103665
798411
650751
209787
987427
65170
322400
615420
614561
335737
56924
889920
102122
495406
698628
321711
895509
186739
514414
606014
81011
644150
351727
147716
768475
343425
841404
827126
114433
192918
981852
148381
880610
13415
182422
71125
72807
739122
691384
242583
277900
20187
15573
848728
161109
501804
805150
491356
233615
45357
835147
514385
584663
686781
956928
983603
786226
599743
161838
634421
618372
642909
696257
499325
621206
34330
358314
350033
602453
2334
748225
606370
271245
682046
291781
533948
293776
763075
393043
747824
834433
530040
351228
723719
903649
839012
229383
271941
180902
397864
66344
411741
147545
965276
423117
550312
207663
16453
901715
158163
692982
461755
140299
329017
544078
387554
557439
204562
587968
652183
930491
923223
732669
252743
44070
80318
172854
294697
811075
741105
383392
276761
131720
736933
893651
848649
589940
864488
661864
115444
457070
78298
33262
120245
889145
53987
860326
300626
751939
669779
841286
254565
185522
157839
725646
868003
981253
152569
688544
651537
19627
684377
307626
331994
28935
7892
420078
621459
7791
524518
623857
679507
491696
340898
417313